500 0.2 0.765462574636
600 0.2 0.347662249821
700 0.2 0.184729680542
800 0.2 0.104369642423
900 0.2 0.0603530806846
1000 0.2 0.03531974222
1100 0.2 0.02275849682
1200 0.2 0.0146355964303
1300 0.2 0.00946221979658
1400 0.2 0.00635918576084
1500 0.2 0.00418680553181
1600 0.2 0.0029046112541
1700 0.2 0.00196909615385
1800 0.2 0.00137170918316
1900 0.2 0.00096583445674
2000 0.2 0.000679551963284
2100 0.2 0.000472956311662
2200 0.2 0.000337433637285
2300 0.2 0.000239796172032
2400 0.2 0.000166414873161
2500 0.2 0.000121337766227
2600 0.2 9.07552855686e-05
2700 0.2 6.3432187017e-05
2800 0.2 4.31927339144e-05
2900 0.2 3.23132148377e-05
3000 0.2 2.27502287963e-05
3100 0.2 1.63327249489e-05
3200 0.2 1.16488566299e-05
3300 0.2 8.47013234543e-06
3400 0.2 5.84489285714e-06
3500 0.2 4.32605462055e-06
3600 0.2 3.07557501291e-06
3700 0.2 2.11703647541e-06
3800 0.2 1.52817339212e-06
3900 0.2 1.08690134933e-06
4000 0.2 8.11359453063e-07
500 0.4 3.00590891391
600 0.4 1.47937177958
700 0.4 0.742737503019
800 0.4 0.410319882324
900 0.4 0.238850848083
1000 0.4 0.146689895833
1100 0.4 0.0927445763547
1200 0.4 0.0594943361303
1300 0.4 0.038196626847
1400 0.4 0.0248362641963
1500 0.4 0.0177197378468
1600 0.4 0.0116415659617
1700 0.4 0.00810329238579
1800 0.4 0.00545243221409
1900 0.4 0.00387163465982
2000 0.4 0.0026470313144
2100 0.4 0.00187738433342
2200 0.4 0.00134187768219
2300 0.4 0.000936874647887
2400 0.4 0.000705035097636
2500 0.4 0.000489038084291
2600 0.4 0.000345693949029
2700 0.4 0.000247399512821
2800 0.4 0.000176983277934
2900 0.4 0.000129375534079
3000 0.4 9.22444944971e-05
3100 0.4 6.44188021228e-05
3200 0.4 4.65026112394e-05
3300 0.4 3.31529919834e-05
3400 0.4 2.40760127421e-05
3500 0.4 1.70749173789e-05
3600 0.4 1.22112200362e-05
3700 0.4 8.70997774903e-06
3800 0.4 6.14561736418e-06
3900 0.4 4.39942646672e-06
4000 0.4 3.16557027451e-06
500 0.6 6.58198907104
600 0.6 3.17024764663
700 0.6 1.66364195871
800 0.6 0.958977583697
900 0.6 0.540012416851
1000 0.6 0.341631197827
1100 0.6 0.214279223301
1200 0.6 0.133952488086
1300 0.6 0.087732196632
1400 0.6 0.0569872526636
1500 0.6 0.0383908581809
1600 0.6 0.025940559739
1700 0.6 0.0182157802086
1800 0.6 0.0123606286653
1900 0.6 0.00878577596326
2000 0.6 0.00612409711684
2100 0.6 0.00436741172291
2200 0.6 0.00308001345223
2300 0.6 0.0022174487395
2400 0.6 0.00157480035714
2500 0.6 0.00114044051856
2600 0.6 0.000775072052512
2700 0.6 0.000553053613054
2800 0.6 0.000404483355705
2900 0.6 0.000288866485098
3000 0.6 0.000205317637475
3100 0.6 0.000150709662663
3200 0.6 0.000104631143949
3300 0.6 7.60794262083e-05
3400 0.6 5.32727214212e-05
3500 0.6 3.83387906057e-05
3600 0.6 2.72428235294e-05
3700 0.6 1.97579938144e-05
3800 0.6 1.38081913043e-05
3900 0.6 1.01363269483e-05
4000 0.6 7.1836043956e-06
500 0.8 12.4753155757
600 0.8 5.61067690831
700 0.8 2.97862388713
800 0.8 1.73255417783
900 0.8 0.969205584642
1000 0.8 0.60696284585
1100 0.8 0.365203854167
1200 0.8 0.235470557621
1300 0.8 0.155984695349
1400 0.8 0.102433542601
1500 0.8 0.0678432016008
1600 0.8 0.045714399696
1700 0.8 0.0313261825095
1800 0.8 0.0218339513693
1900 0.8 0.0152475451264
2000 0.8 0.0103897553379
2100 0.8 0.00777683110883
2200 0.8 0.00523543838384
2300 0.8 0.00391022112821
2400 0.8 0.00279029539823
2500 0.8 0.00193340342273
2600 0.8 0.00137905010225
2700 0.8 0.00100487797649
2800 0.8 0.000731887041817
2900 0.8 0.000523471943005
3000 0.8 0.000375046301722
3100 0.8 0.000264730892629
3200 0.8 0.000193631237297
3300 0.8 0.000134079966443
3400 0.8 9.53247965412e-05
3500 0.8 7.07194222337e-05
3600 0.8 4.99658082902e-05
3700 0.8 3.596285e-05
3800 0.8 2.53796511801e-05
3900 0.8 1.8403e-05
4000 0.8 1.31508150487e-05
500 1.0 18.8556633381
600 1.0 9.26045854362
700 1.0 4.69279427173
800 1.0 2.62605238448
900 1.0 1.50923444251
1000 1.0 0.903009297725
1100 1.0 0.579252252475
1200 1.0 0.353216533865
1300 1.0 0.24030494
1400 1.0 0.156570508688
1500 1.0 0.107365320755
1600 1.0 0.0702717717336
1700 1.0 0.0497449479034
1800 1.0 0.0342840996486
1900 1.0 0.0244065128983
2000 1.0 0.0171418235745
2100 1.0 0.011772089029
2200 1.0 0.00836091040243
2300 1.0 0.00614888437103
2400 1.0 0.00429764875381
2500 1.0 0.00313674548271
2600 1.0 0.00222376256684
2700 1.0 0.00161150905843
2800 1.0 0.00116215215151
2900 1.0 0.000814156321839
3000 1.0 0.000586034182099
3100 1.0 0.000425926072438
3200 1.0 0.0003110275
3300 1.0 0.000215633913934
3400 1.0 0.000156846337555
3500 1.0 0.000110144981595
3600 1.0 7.91031975245e-05
3700 1.0 5.76845814978e-05
3800 1.0 4.16295978033e-05
3900 1.0 2.89581475495e-05
4000 1.0 2.08227724868e-05
500 1.2 27.0477200379
600 1.2 12.7938609929
700 1.2 6.91725835351
800 1.2 3.80273545232
900 1.2 2.16517340347
1000 1.2 1.3348503308
1100 1.2 0.8541911
1200 1.2 0.539820686201
1300 1.2 0.346598165592
1400 1.2 0.230032340426
1500 1.2 0.152876425662
1600 1.2 0.106332765314
1700 1.2 0.0710049460747
1800 1.2 0.0497715607804
1900 1.2 0.0347556885414
2000 1.2 0.0257937631177
2100 1.2 0.0176323828125
2200 1.2 0.0124357276402
2300 1.2 0.00912022848439
2400 1.2 0.00638293401015
2500 1.2 0.00469785316129
2600 1.2 0.00328590220421
2700 1.2 0.00231136391833
2800 1.2 0.00162679817212
2900 1.2 0.00123360421213
3000 1.2 0.000866176536885
3100 1.2 0.000615155466321
3200 1.2 0.00044772926767
3300 1.2 0.000326018006198
3400 1.2 0.000233626845654
3500 1.2 0.000167394200878
3600 1.2 0.00011935857732
3700 1.2 8.75380476556e-05
3800 1.2 6.12853978882e-05
3900 1.2 4.28070030976e-05
4000 1.2 3.1974017183e-05
500 1.4 37.6678783019
600 1.4 17.7747475115
700 1.4 9.15512731203
800 1.4 5.13726098699
900 1.4 3.00440536193
1000 1.4 1.81450174662
1100 1.4 1.16427890819
1200 1.4 0.736555187247
1300 1.4 0.472199900498
1400 1.4 0.315105068527
1500 1.4 0.20980862636
1600 1.4 0.147443595506
1700 1.4 0.101156122706
1800 1.4 0.0707705547074
1900 1.4 0.0484548328267
2000 1.4 0.033898519573
2100 1.4 0.0244775881753
2200 1.4 0.0170563066229
2300 1.4 0.0120078743031
2400 1.4 0.00895399396226
2500 1.4 0.00644965616999
2600 1.4 0.00454221894521
2700 1.4 0.00344563329104
2800 1.4 0.00241313579736
2900 1.4 0.00170441214089
3000 1.4 0.0012802189441
3100 1.4 0.000925237320574
3200 1.4 0.000647469696196
3300 1.4 0.000506269974425
3400 1.4 0.000344927250194
3500 1.4 0.000248177176441
3600 1.4 0.000179039270182
3700 1.4 0.000135066324225
3800 1.4 9.46536801442e-05
3900 1.4 7.09678174905e-05
4000 1.4 5.19126584867e-05
500 1.6 48.7367739628
600 1.6 22.7968531568
700 1.6 12.1261911555
800 1.6 6.84963828221
900 1.6 4.03585062893
1000 1.6 2.39506651797
1100 1.6 1.50169475738
1200 1.6 0.974688663868
1300 1.6 0.614888734491
1400 1.6 0.420670759208
1500 1.6 0.283596659027
1600 1.6 0.194904653768
1700 1.6 0.138244458534
1800 1.6 0.0934011105515
1900 1.6 0.0655009021601
2000 1.6 0.0459937148687
2100 1.6 0.033437748227
2200 1.6 0.0241235309212
2300 1.6 0.016682048707
2400 1.6 0.0126807497441
2500 1.6 0.00900736939919
2600 1.6 0.00651336031868
2700 1.6 0.00483142767518
2800 1.6 0.00347962880325
2900 1.6 0.00249411424904
3000 1.6 0.00178938786157
3100 1.6 0.00129577374302
3200 1.6 0.000974209027216
3300 1.6 0.000703349194167
3400 1.6 0.000530151596681
3500 1.6 0.00040286526247
3600 1.6 0.000293679587629
3700 1.6 0.000217243530229
3800 1.6 0.000159635831663
3900 1.6 0.000121433341949
4000 1.6 9.20356167917e-05
